Afghanistan,AFG,319400,0.401364107,10.10534763,20087077459,583.695856,8.26,52.7120715,3.077053629,16727437,17686166,22.2,4
Argentina,ARG,105450,0.312888144,10.22933769,5.82645E+11,13508.41941,68.04306411,15.76063274,1.078001344,22115261,21016705,8370.01,8.3
Australia,AUS,57800,0.278147276,9.32331181,1.32406E+12,55595.55946,84.56051491,3.100112596,1.439216653,11948693,11867302,52945.01,13.2
Belgium,BEL,36350,0.205993868,10.42703342,4.6869E+11,41571.94799,85.05294175,372.3314399,0.579446242,5732314,5541882,16724.04,18.6
Bolivia,BOL,71200,0.618481133,6.55064964,31873100507,2932.280254,37.49,10.0339075,1.512942433,5406288,5463444,86.82,6.4
Brazil,BRA,729500,0.266322368,8.87090969,1.7683E+12,8648.149001,58.32795173,24.46378728,0.838838953,103814243,100657516,53064.56,5.9
Canada,CAN,67500,0.359008567,10.68328094,1.53266E+12,42928.25526,90,3.982215114,0.746339478,17999309,17703599,60533.24,13
Chile,CHL,109450,0.336054072,8.30269146,2.36571E+11,13165.25519,76.62959195,24.16756239,1.177717857,9124556,8844800,6037.51,10
China,CHN,2843000,0.888702511,4.8887229,1.10198E+13,8036.466082,50.3,145.4921426,0.508136747,667009225,704210775,407974.61,8.1
Colombia,COL,481100,0.276098941,7.52338552,2.89331E+11,6088.52109,55.90497251,42.83070482,1.170445199,24231886,23288781,5409.93,4.1
Costa Rica,CRI,9800,0.133588657,7.82285929,54026902502,11144.61132,59.76295014,94.943302,1.087098543,2422275,2425530,361.64,6.7
Croatia,HRV,18550,0.336794513,6.78635979,49216143336,11708.08272,69.84503592,74.28174589,-0.824099164,2182274,2021330,4050.72,17.6
Cuba,CUB,75500,0.315494703,12.81401348,86014000000,7595.204744,37.30509742,108.7874832,0.157902542,5697027,5627750,1324.8,14
Denmark,DNK,16600,0.111010867,10.22716618,3.11964E+11,54889.61421,96.33050162,142.087075,0.70642385,2857267,2826216,14214.95,10.9
Ecuador,ECU,40750,0.41011022,8.58845711,97561809500,6017.868067,48.94043379,65.27630053,1.617938422,8097063,8114959,668.72,8.8
El Salvador,SLV,41500,0.298657237,7.63034058,22346390000,3532.9585,26.80260496,305.2664575,0.475379939,3350892,2974229,23.71,6.9
Finland,FIN,24900,0.182647949,9.64523888,2.36746E+11,43205.49164,86.42213333,18.03011089,0.329383886,2782702,2696829,10942.46,14
France,FRA,306350,0.127355834,11.46616745,2.49086E+12,37429.41755,78.00603771,121.5367021,0.35556924,34302345,32245927,71925.79,15.8
Germany,DEU,177300,0.221173382,11.17801952,3.43272E+12,42023.04679,87.58979935,234.1529869,0.865702644,41511610,40175001,106452.92,13.3
Greece,GRC,146950,0.348201405,8.01678371,1.9511E+11,18030.87563,66.83495949,83.94788984,-0.658861361,5508921,5311962,11237.15,5
Guatemala,GTM,43050,0.262759318,5.85707808,60699783501,3899.155249,28.80594156,145.272667,1.691465093,7909392,7658027,83.29,5.8
Iceland,ISL,250,0.117598632,8.13130188,16543802058,50009.22587,98.2,3.299900249,1.041940387,164840,165975,608.6,14.3
India,IND,2798800,1.022167929,3.59565997,2.07918E+12,1586.977468,14.9,440.6554549,1.116895913,628929060,681223332,101813.08,12.3
Iraq,IRQ,209000,0.972513062,3.14279079,1.65258E+11,4645.694739,16.8,81.93958694,3.316251492,17588528,17983741,894.35,4.1
Israel,ISR,184500,0.22037668,7.10652399,2.97504E+11,35501.23822,77.35208966,387.2504621,1.981288976,4224621,4155479,12048.66,4.5
Italy,ITA,356850,0.184029708,8.85689163,1.82321E+12,30021.23688,58.14173496,206.4682872,-0.096376133,31262660,29467922,70519.39,7.1
Jamaica,JAM,3450,0.513780598,5.62562609,13747876822,4755.365857,42.22122119,266.945891,0.551043934,1454324,1436700,153.19,2.2
Japan,JPN,259800,0.265808421,10.88550663,4.55809E+12,35850.67863,91.05802839,348.8093278,-0.106124994,65016722,62124278,101306.59,19.1
Malaysia,MYS,133600,0.771681742,3.81608534,2.93133E+11,9683.621691,71.06406781,92.13503272,1.344800221,14685798,15585167,18635.26,4.8
Netherlands,NLD,41310,0.206608182,10.32396889,7.65885E+11,45211.82995,91.72413793,503.1162162,0.443220089,8518825,8421098,31141.82,11.8
Nicaragua,NIC,12000,0.413116032,7.96303225,12267705836,1971.275037,19.7042915,51.71376101,1.30197874,3156054,3067180,26.17,4.2
Nigeria,NGA,200000,0.222163656,3.58195019,4.73996E+11,2616.772702,24.5,198.8838609,2.647406072,89416890,91720564,3675.64,3.7
Norway,NOR,24950,0.100155119,10.13146877,4.01834E+11,77445.51261,96.81032569,14.20793848,0.995084737,2576388,2612219,10529.7,12.5
Pakistan,PAK,935800,0.604643476,2.68711925,2.65957E+11,1333.606755,11,258.7003853,2.088551827,96786262,102640691,8451.51,9
Panama,PAN,22050,0.197811868,6.8090291,50640800000,12760.72259,51.20542499,53.54141932,1.707301921,1978158,1990332,165.04,2.9
Paraguay,PRY,25450,0.175911586,6.74699259,34850583193,5210.331382,49.71630466,16.83550466,1.34288874,3285105,3403641,93.13,5.7
Peru,PER,158000,0.283553725,5.03110838,1.83306E+11,6015.808062,40.85260091,23.80526484,1.256159259,15337374,15133365,902.11,2.7
Poland,POL,172700,0.604945153,6.39785814,4.604E+11,12120.11779,67.99698716,124.0615696,-0.066641101,19574714,18411698,33116.44,15.9
Portugal,PRT,73600,0.250108003,8.97663212,1.93967E+11,18726.20428,68.63286148,113.0725196,-0.414141102,5452971,4905105,14691.23,13.2
Qatar,QAT,11800,0.515086082,3.17197657,1.58175E+11,61649.4827,92.88482645,223.2992167,4.239755685,615499,1950209,1175.59,6.1
Romania,ROU,150400,0.410174555,4.94264841,1.75861E+11,8874.845412,55.76315563,86.12489569,-0.470052228,10169092,9646524,10917.79,11.5
Russian Federation,RUS,1490000,1.142318762,5.29560423,1.32573E+12,11052.67809,70.09924123,8.798804045,0.192557947,77337012,66759858,52176.06,32
South Africa,ZAF,82150,1.337696936,8.20090294,3.09749E+11,5592.515224,51.91911572,45.65726286,1.532242773,28049365,27337004,10964.38,24.5
Spain,ESP,199950,0.214438848,9.12686825,1.19485E+12,25726.23959,78.68963187,92.95268592,-0.077588862,23640092,22804740,55147.04,7.9
Switzerland,CHE,20950,0.055586446,11.36931515,7.17176E+11,86590.44234,87.4790556,209.5958526,1.138337152,4183323,4099073,21866.6,15
Thailand,THA,454550,0.655575219,3.66789317,3.80595E+11,5538.787307,39.31612674,134.4996359,0.402136059,35155051,33559468,8706.83,8
Turkey,TUR,512000,0.406783777,4.11690378,8.54633E+11,10882.96232,53.74497914,102.0352806,1.669481585,39879351,38650062,33233.85,2.3
Ukraine,UKR,256000,2.096759181,7.77607775,89919705924,2791.680755,48.88464368,77.94720434,-0.26124968,24264557,20889479,7272.89,21.6
United Kingdom,GBR,152350,0.136515303,9.90435219,2.86512E+12,44000.13662,92.00029987,269.1531393,0.792367506,33021393,32094826,99616.02,8.8
United States,USA,1347300,0.273204731,16.71075249,1.8696E+13,58290.43038,74.55420245,35.06332868,0.736217309,162095782,158643212,429988.89,14.4
Uruguay,URY,25450,0.12369941,9.00821114,50826382338,14896.30384,64.5707871,19.49498914,0.339789877,1766341,1645672,688.05,18.6
Mexico,MEX,336050,0.403279344,5.79708719,1.1416E+12,9368.283751,57.43104299,62.68589779,1.241164502,62264080,59594171,14585.58,5.6
Vietnam,VNM,522000,1.082585385,5.65262079,1.83321E+11,1978.05649,45,298.8908376,1.044781055,46479616,46197466,2299.45,7.7